% latex table generated in R 3.2.0 by xtable 1.7-4 package
% Mon May 11 16:06:12 2015
\begin{table}[ht]
\centering
\begin{tabular}{rrrrr}
  \hline
 & HEF PreID & HEF GeoID & NoAssis & All \\ 
  \hline
Care\_At\_No\_care & 63.00 & 293.00 & 47.00 & 403.00 \\ 
  Care\_At\_Homemade\_medicine & 9.00 & 53.00 & 8.00 & 70.00 \\ 
  Care\_At\_Village\_modern\_medical\_practitioner & 1.00 & 5.00 & 0.00 & 6.00 \\ 
  Care\_At\_Village\_health\_volunteer & 79.00 & 193.00 & 72.00 & 344.00 \\ 
  Care\_At\_Traditional\_healer & 13.00 & 42.00 & 23.00 & 78.00 \\ 
  Care\_At\_Health\_centre & 855.00 & 944.00 & 836.00 & 2635.00 \\ 
  Care\_At\_District\_hospital & 357.00 & 454.00 & 396.00 & 1207.00 \\ 
  Care\_At\_Provincial\_hospital/Regional & 328.00 & 47.00 & 535.00 & 910.00 \\ 
  Care\_At\_National\_hospital & 3.00 & 0.00 & 15.00 & 18.00 \\ 
  Care\_At\_Private\_pharmacy & 305.00 & 248.00 & 763.00 & 1316.00 \\ 
  Care\_At\_Private\_clinic & 62.00 & 66.00 & 297.00 & 425.00 \\ 
  Care\_At\_Abroad & 0.00 & 6.00 & 12.00 & 18.00 \\ 
  Care\_At\_Illegal\_medical\_practitioner & 1.00 & 11.00 & 2.00 & 14.00 \\ 
  Care\_At\_Other & 7.00 & 2.00 & 10.00 & 19.00 \\ 
  Care\_At\_Military\_Hospital & 5.00 & 2.00 & 4.00 & 11.00 \\ 
  Care\_At\_Religious\_Healer & 2.00 & 0.00 & 6.00 & 8.00 \\ 
  Total\_Care\_Events & 2090.00 & 2366.00 & 3026.00 & 7482.00 \\ 
   \hline
\end{tabular}
\caption{Individual care event counts (max one per individual)} 
\end{table}
