% latex table generated in R 3.2.0 by xtable 1.7-4 package
% Sun May 31 03:28:39 2015
\begin{table}[ht]
\centering
\begin{tabular}{rrrrr}
  \hline
 & HEF PreID & HEF GeoID & No Assist & All \\ 
  \hline
Not\_Sick & 136.00 & 239.00 & 346.00 & 721.00 \\ 
  No Care & 63.00 & 293.00 & 47.00 & 403.00 \\ 
  Health centre & 855.00 & 944.00 & 836.00 & 2635.00 \\ 
  Private pharmacy & 305.00 & 248.00 & 763.00 & 1316.00 \\ 
  District hospital & 357.00 & 454.00 & 396.00 & 1207.00 \\ 
  Provincial hospital & 328.00 & 47.00 & 535.00 & 910.00 \\ 
  Private clinic & 62.00 & 66.00 & 297.00 & 425.00 \\ 
  Village health volunteer & 79.00 & 193.00 & 72.00 & 344.00 \\ 
  Traditional healer & 13.00 & 42.00 & 23.00 & 78.00 \\ 
  Homemade medicine & 9.00 & 53.00 & 8.00 & 70.00 \\ 
  National hospital & 3.00 & 0.00 & 15.00 & 18.00 \\ 
  Care received abroad & 0.00 & 6.00 & 12.00 & 18.00 \\ 
  Unlicensed medical practitioner & 1.00 & 11.00 & 2.00 & 14.00 \\ 
  Military hospital & 5.00 & 2.00 & 4.00 & 11.00 \\ 
  Religious healer & 2.00 & 0.00 & 6.00 & 8.00 \\ 
  Village modern medical practitioner & 1.00 & 5.00 & 0.00 & 6.00 \\ 
  Total\_Care\_Events & 2219.00 & 2603.00 & 3362.00 & 8184.00 \\ 
   \hline
\end{tabular}
\caption{Individual care event counts (max one per individual)} 
\end{table}
